2247
27765
8361
5083
11516
7084
24188
28714
31004
16185
30872
26012
8830
18555
24748
1359
17072
680
8253
17403
15922
25
12370
6514
24131
10356
30511
21573
21035
24298
3570
25184
21183
14446
27685
12224
16321
14190
13664
2767
18647
31072
21001
3363
13073
20576
32333
14011
29024
11341
16120
16275
25
10035
13622
6368
27785
18109
26739
8312
32748
14283
14911
15615
20820
2439
18331
22165
32213
30498
32268
6100
9268
446
11479
5821
2399
25920
7017
14859
24905
13166
14913
20293
23950
16998
32194
2827
21358
302
12445
20086
21691
30112
12243
2941
531
27239
26174
10398
25808
22538
7337
19051
25827
5778
28703
19867
18889
32337
12954
16746
29590
22415
14215
12330
13264
20297
30625
4584
26066
1263
1766
7312
30165
8741
28447
4471
19254
7710
8276
14376
6724
3918
140
9728
3354
20237
32242
16909
12622
10875
5652
14105
10403
2915
16578
23740
3648
17272
11273
12858
14915
11924
12045
18504
13588
3081
21225
28870
8120
18098
9135
22614
5462
31580
7909
7363
159
4616
6578
7741
21667
20135
1009
101
17514
25245
3516
20268
29468
3469
28750
16980
23511
13649
7408
6095
15306
193
14599
10696
24260
24568
24161
29489
29348
8689
32610
19465
5685
11065
26959
6528
28906
12920
460
14646
21151
8728
9894
9826
10590
994
4266
20404
20283
27580
17928
25613
24981
20673
522
4509
1170
13247
30144
25913
15990
21458
9441
25583
10143
1831
18150
20733
18585
4098
12949
9090
20437
21571
10165
276
26087
30960
29747
29746
20935
12947
2066
7224
30687
5103
27651
2909
16455
8465
9092
22582
6972
13722
20885
23849
1587
18411
18034
1690
15924
1176
18526
18308
26308
3632
15502
25536
9483
15865
19378
24685
21490
30066
11541
6846
21156
21318
18976
20919
4044
21077
6548
5027
30466
21655
19230
23070
6806
13797
31456
17358
10272
11114
2369
12596
3495
10802
21853
28124
22675
26178
18216
17732
15666
30184
32581
22421
11400
18052
24814
25739
2820
1973
17335
18475
10339
19009
7687
10387
32702
26863
21403
12923
907
26361
11103
11757
32259
10123
14171
4369
9911
24834
28459
15730
20349
27524
29703
6345
1342
26343
1589
7981
29042
17759
9450
21645
18592
9369
31336
28367
931
31482
448
1923
30341
13832
4318
1387
29076
28257
26380
30520
17782
8878
30586
10417
9082
18720
7639
14839
12819
12430
30919
28316
8569
15404
16361
1847
22769
23390
6583
5167
24395
24483
8038
698
23408
26870
4034
25473
24149
22245
7138
13678
31712
27623
11887
6024
2770
10390
21304
18953
22685
29357
23733
10082
16527
12432
4425
29948
3425
14709
30080
31620
22057
23611
30381
30631
10936
21523
24499
6890
19882
10421
18450
24047
5531
19904
14667
10538
19462
20777
3861
25135
20827
20711
18358
14160
3765
13142
1413
6891
4532
3327
25078
10928
21431
28752
20442
14924
1547
3479
26605
15998
4586
22959
18598
19984
7824
8076
28419
46
31153
10833
28867
23572
20215
27071
22783
10601
29214
18644
32181
14899
13841
12960
25461
20382
25723
4386
4733
2400
11068
5929
17369
4619
14925
16579
2034
28255
26446
24865
25376
1334
19214
16983
11006
15010
2380
5031
24258
15769
18563
12023
1561
7217
7026
13581
2121
8488
1946
21250
26178
6787
14027
5614
23572
22597
17994
24823
8715
7656
8581
30556
24582
23835
26972
24389
31499
25924
7852
22810
30429
31891
22338
22761
31839
2136
8222
15635
24787
168
28616
30943
20972
12727
5784
12968
24689
24118
129
15363
3956
16826
29737
26309
15919
23318
11190
4408
14026
11925
24739
13833
12023
11739
18365
30240
28254
32705
3023
3902
24658
1158
11930
15566
8155
7899
24673
9209
31756
5621
24627
28797
22950
16910
22152
17667
32030
25778
444
1646
25492
22777
4075
19153
1580
30920
25866
4347
3567
9283
21892
5702
4592
28583
28233
13102
27157
18715
13785
22642
27546
5281
12221
25747
17807
1303
30781
16080
10020
27637
21265
16283
1265
10951
11743
20959
12556
23846
14771
18655
1162
22030
29979
30361
30293
26027
29946
27452
24330
20989
28004
31722
32331
9357
29219
13680
8673
3322
15607
18214
15605
8612
15091
30458
18973
25899
7767
10293
19754
11744
10356
2054
30806
4031
3568
15040
22657
16826
27381
16278
16231
18071
11196
25410
9050
10244
24189
10918
16936
32750
10249
11254
25023
5639
29951
13223
22818
739
11073
25588
29800
8238
28308
29927
5886
8912
12500
24314
16162
31616
25652
17371
10790
20548
19518
21742
3557
22743
27039
28756
22603
20215
30793
14423
29896
11915
18165
9792
3903
14034
21812
3461
20338
1179
8913
26881
28017
26780
7525
7813
29015
13211
21133
26900
16461
12158
15943
1242
17801
19806
2784
10243
4051
10760
19953
16313
25083
18787
19175
10492
5366
21099
6413
27916
25694
194
27346
17817
28132
13540
15258
15901
9677
29975
3353
14389
17293
14676
25763
20990
8066
22023
5417
3048
23063
23810
28174
796
32643
10051
22992
4734
27061
17617
6919
5287
5556
14636
16529
13393
23654
20143
27938
30488
32514
5859
19758
13935
28424
11829
30676
18259
19742
12373
23488
17784
430
25998
4135
17295
13801
11525
24276
26580
24143
26397
24565
1163
24407
233
28727
22737
15763
7458
27763
15096
11784
19280
8694
30723
22033
10028
29489
17239
10285
26971
1707
31787
17132
15402
18515
28326
2134
26639
21126
4056
27540
31145
30020
32491
17608
328
15266
25108
26468
8126
14131
14881
3535
20241
12846
12388
19227
12811
10609
32195
15579
31906
7112
12506
28362
24596
2338
29002
2151
26751
10537
7196
18883
25627
29727
32012
15436
18264
12101
13294
27654
9478
2736
18308
20355
28040
11874
19413
22816
115
19390
30983
27120
27067
16449
16911
9110
5333
20567
7783
13235
31226
11657
20034
8038
9590
8553
13504
32173
11477
8877
24994
4470
9932
23107
7979
1566
19115
24058
29014
29018
32725
19533
9828
6930
31585
19696
25840
9789
12000
8264
31576
30878
2578
21372
14879
3125
14501
31978
11529
31343
13830
3759
18849
7212
26838
5563
31660
1565
4001
22485
1356
26171
29305
14923
25313
32711
10142
13433
15635
467
8339
25540
8376
19370
18378
31697
7737
26704
10620
23359
19739
20058
13846
3085
23473
5242
10255
6661
3878
21905
23507
