13518
25939
21063
31882
5238
31956
4229
10480
25932
6852
24297
21588
3591
16225
8559
22010
16303
20738
5607
10670
11572
22285
22177
232
20269
14617
28243
15978
21332
31712
25596
31167
12798
27237
12792
14243
27258
9939
3136
25592
28648
2497
2990
31005
15077
13553
867
2848
7029
15918
24458
1611
27569
805
8063
31341
16506
11112
2985
24739
12407
9172
23064
12551
26298
29068
17174
31528
19322
23901
17393
14676
31773
3181
3319
22258
1074
5983
4829
7943
16114
20238
32239
10158
17812
10070
21162
17431
30337
18371
4323
27121
28533
7879
26231
15189
30392
32093
3195
3793
4322
4117
10675
23261
8507
27546
30978
7158
31752
8718
32218
4581
7715
20028
8029
16133
13996
4330
15230
1062
14255
29503
25673
5678
28926
28206
16271
5156
29348
4526
24323
27945
29685
30380
15016
17170
28547
12311
4727
1892
31442
6747
3043
14980
22935
8597
5424
20854
18643
25947
5429
30271
32334
26338
12487
8897
31758
15948
16155
18113
23828
8369
26105
31572
2731
14221
24329
4025
804
30895
21508
10850
13055
18260
13116
22349
11315
1439
21019
13044
20288
19750
16394
8915
823
17008
6205
29939
11843
809
11708
23649
11503
8433
29945
13240
5943
16541
12504
2402
23150
5473
18574
5547
14869
6005
15066
3876
18317
17233
17539
5667
31487
21687
31913
2502
1070
14772
12661
6093
19698
20077
7466
19878
3640
11590
11293
28730
3503
11980
8432
6923
17035
91
13099
30547
17861
19837
27496
15960
21541
7841
7024
11882
21269
13597
13073
26127
4003
16541
12054
3046
28296
25473
903
22182
27638
3172
20162
26135
4238
14115
11799
15214
2696
16656
14274
18296
24733
2485
9208
6981
11736
25108
11756
10476
20340
2360
27845
19204
19121
30994
12775
28298
31460
20431
15939
22132
9287
2315
1272
4219
21815
11352
4841
23796
16335
28483
17048
15037
5155
19917
27393
11683
32579
12804
23037
12862
8979
24440
1457
28028
17061
6846
26756
1352
24004
5942
5294
1802
16814
17113
23768
18010
3988
6532
32702
12197
13162
19426
6639
14564
23588
601
24507
12627
4910
26215
14365
11227
25992
5555
21498
26875
21964
26307
17495
1098
18919
14296
474
26083
26621
15216
29612
17390
31777
11415
6852
2012
21644
24378
6397
23604
9349
19247
8676
14732
22998
4950
12535
28777
8055
762
17386
3487
5704
30015
11297
25323
27724
18933
7020
17
7511
5657
6640
10401
1643
31758
6805
21126
6573
504
31861
846
20800
27549
26213
6618
24241
24681
23081
733
6880
15326
13013
30446
12466
4986
32735
14653
814
27406
12072
12507
11660
6502
15663
30799
10970
31212
17224
1885
15014
15989
5304
27996
31362
12989
19017
17488
11121
18269
30270
798
28345
3467
32181
21218
16826
16733
30024
221
30781
10263
12159
30693
5594
22024
31112
4164
10232
26235
28667
32214
16068
3947
25138
29331
21823
29582
9539
336
19586
5519
9946
23114
29581
22026
19901
2032
24250
15469
24774
15511
451
26532
24370
8036
15307
17157
13341
3515
17344
7765
14732
26451
14382
11921
1995
16038
17291
1094
22895
18988
16073
19128
7657
20494
4123
4214
30911
30371
27408
9103
13598
30024
1655
12030
29575
22412
20916
12174
22891
15797
2401
5906
31482
30533
29830
25659
801
10516
9546
23152
18995
198
5712
11270
4484
12254
20463
31507
27783
21898
29964
3167
2485
6727
27788
12709
7979
29533
10731
18290
13553
512
9886
31717
20686
15141
14666
27056
27313
15022
6910
16510
16571
22839
31992
16209
7675
5748
24383
30216
16748
18300
27600
20445
28383
4199
7612
28644
12487
6231
20771
31765
27030
14330
21183
7425
32700
22196
31153
30471
13411
7801
21216
6853
13857
24027
12313
31181
18848
29993
11238
20700
24710
16162
6374
20568
416
31416
4879
24052
4611
23422
31713
14860
11879
14543
15205
13885
7155
14248
18715
14743
8117
17620
4480
10621
1187
11442
31366
15402
14355
14846
29570
31669
22704
27025
26995
14537
13361
6799
16947
19525
1276
1350
23380
1329
1946
19571
16038
16497
6128
20036
31936
21019
11238
23746
29388
2033
4046
25277
12190
21647
11346
1905
18139
6077
18240
32701
30832
11606
6014
32566
21038
28806
12765
16821
11811
7351
17
13177
27603
17177
29452
28783
25480
13869
25110
28122
12499
17472
30589
21602
17651
25148
9150
14079
26416
11669
18592
15570
9075
29202
8890
6784
291
16496
16943
14766
4476
11651
11022
30883
22595
17263
20773
10510
1971
17744
12739
17930
778
23924
15885
79
903
12821
23402
16468
29015
25998
3901
9905
26146
4768
25939
22363
24183
10591
28598
23795
7338
8537
12267
3112
20221
2675
13655
13912
30072
16206
22386
7449
11395
29068
16495
29923
8453
4625
27154
2683
16042
26904
22380
15790
9380
26439
13535
25054
1058
1013
4017
30821
844
14508
32044
10858
16175
20502
5713
18812
17421
31814
2169
3710
7163
6664
21197
17192
15048
20247
11931
8117
31939
5063
9191
12792
26528
29049
2132
26639
30474
22156
21445
24503
9239
1766
10277
20609
26866
10561
15023
31941
3870
19909
25706
6218
25791
32013
2859
25904
22529
27783
22088
12580
7
30657
32303
3172
8124
9249
8517
30636
24025
9868
24935
30134
19104
4559
25682
4978
30693
11915
26723
3586
30656
31429
23156
14108
20993
25827
14121
10694
15396
9825
1184
442
1986
2875
29928
24002
7630
3179
8060
23057
15097
2017
6966
16603
8779
18544
24755
10864
29574
13386
14055
11581
13910
26369
7951
17664
22111
14856
8627
6371
6687
5161
19498
7577
27550
8054
8259
26114
24837
25889
1062
3491
32647
16937
23264
18883
23128
30800
27769
15298
6812
12880
29781
20591
28393
18564
31046
12754
8764
13847
18198
7805
32166
18521
5786
12557
253
7050
11460
7993
13770
5891
31054
10148
20421
18095
20466
28286
13952
22016
18287
363
21456
9644
3683
17883
21696
25234
6398
27585
28944
11061
31899
17363
5484
10831
1370
7789
20128
11764
12848
17025
25159
22742
26917
22360
10801
18746
22040
26225
20595
22254
16629
22076
16767
11673
22409
12148
12446
3440
1575
18309
10862
18601
10596
12621
32339
21118
4125
10253
12221
28829
7636
4880
17629
24728
17640
5851
18555
19720
7967
28792
6059
11474
27402
5774
28115
25279
17845
5839
5179
28033
28578
17255
31760
7382
27709
25645
32728
1060
6358
20021
7391
10326
21160
19575
28410
31900
8553
18320
24096
19523
29026
13
10293
20081
2264
23358
27577
7155
9699
2974
377
26030
8092
26239
24662
31986
20674
16556
4692
32494
4188
19436
18253
26590
20797
8454
21298
20527
206
5546
4922
3130
1329
32669
19117
17596
25187
12068
13498
26011
22785
31265
17984
15329
23477
5729
1927
507
9882
30472
21794
26665
3887
3473
32295
27924
4035
84
24144
7275
28684
26040
16986
18082
22773
30733
28594
19312
28058
19865
16541
8337
27765
20683
645
5399
17053
2387
32419
8250
7475
13672
1596
337
14591
10364
3051
4546
32645
9672
13046
2433
16479
29774
28854
23206
2223
28362
15677
6131
30539
7014
5631
30182
258
21673
27954
9447
25384
5559
19092
31172
328
28547
23386
11160
11874
27793
22725
13350
32270
3768
10455
290
13324
17241
12072
3051
18271
990
1560
26603
10144
13681
25675
13076
10850
25111
9182
5311
9286
8713
17506
8386
16622
737
14761
10370
18190
17596
25839
15541
21281
25072
30281
3620
1381
25696
4238
9660
5049
10913
31246
24349
14996
8265
27461
21607
28224
20692
17613
13280
24166
17390
4564
6349
3578
16580
10923
31523
2868
18756
15953
5443
5006
31764
24553
29944
8344
4095
32741
24595
17916
25415
2795
1291
13136
5453
4214
26255
32435
18920
30910
18302
30513
83
8423
31313
8818
17747
29056
11590
28181
17392
96
29977
5862
12538
10783
32246
21270
306
18430
8714
4621
21093
3247
2769
31454
21631
600
9051
32685
2749
10896
5088
10792
18197
971
16370
22393
4934
4467
24425
15601
19825
32595
28002
27833
16429
2727
9059
26203
3750
23990
8819
21128
6961
323
5308
2188
32107
6491
334
29679
8352
15039
5045
9419
12967
5164
7801
24521
19651
13758
9005
6969
3818
30581
26302
26029
29113
23343
8220
16609
7459
2612
8668
19441
31324
32278
8008
30950
8749
22363
27518
23235
287
18148
26094
12676
3129
12219
16655
29273
3088
12964
31461
1171
27682
30112
9935
32328
1871
2058
27135
8085
9567
17944
6477
15595
16465
12784
17233
12719
10316
20503
23218
6946
12955
31793
7375
1583
14321
27200
24256
23824
30393
15074
7461
3454
6961
31457
8725
28209
12402
15427
7870
7587
29054
11169
5250
12426
23377
29765
450
6479
13417
6498
7778
28016
10862
17944
1982
430
262
20620
23414
22626
25029
5368
22297
27840
24721
5226
29342
3373
13598
25389
16547
26245
26261
30020
31163
1314
7170
6539
16357
12458
16706
7640
638
15204
22723
9693
4804
15357
13311
31033
24823
19370
16292
29734
12675
22811
8606
15725
29308
1561
11347
12040
30374
23193
13430
31430
6814
18265
30053
25814
23110
28875
23743
8645
21307
923
24647
7398
2448
3628
16516
30281
1153
25564
20204
12246
19882
32299
26571
31255
19364
21191
11330
18742
19783
10230
12583
11513
20294
22565
14928
6022
12982
1391
4576
15227
22371
18338
31526
14430
21898
13121
19441
5451
12402
22724
24685
23402
13114
20784
32342
29249
25308
8182
29360
19622
27659
27011
28936
30980
11841
2945
2925
31301
26323
30809
25289
8321
17792
9967
28116
14243
1859
5675
5578
18062
15519
2863
31632
26303
23646
24532
11212
1172
27351
31127
653
16840
32442
7852
2562
24084
12474
14411
30275
25496
27211
3449
13336
13052
31459
9830
16498
15894
14381
21944
19000
19222
15451
10119
18074
1682
30873
24498
16929
22140
17352
10458
20943
8324
4495
835
20963
20708
20052
9293
31797
18958
14230
9552
26362
27526
1270
31106
8630
27734
9163
1300
8334
339
6983
3082
8665
30383
6278
23726
26356
14911
7714
27020
3895
2956
19171
20696
14387
15858
12603
15074
30511
20069
9973
28571
19156
20365
21948
18718
32184
32078
15038
18902
18330
9950
27467
14720
15695
15815
8414
9127
781
9497
21318
19237
13511
18810
2963
790
27358
25366
2172
14133
9395
7514
21872
1695
22595
22412
1451
20683
6995
1323
10099
8196
10031
22323
1731
3527
14015
210
31350
2151
26053
4724
23145
22019
1864
22326
28653
30226
27305
6572
4244
15504
18698
30921
32200
8112
10353
13114
18076
22442
6200
16700
5312
8162
23383
22116
3135
21518
12992
9360
14218
30758
9615
3601
8534
15188
20245
18195
26782
5395
21737
25772
31408
24526
7144
25608
9901
32449
32575
12646
23598
720
17659
812
701
26620
5802
9274
489
12520
32631
14298
3296
7066
14818
18144
24333
973
22298
5150
30357
30718
30419
25881
2394
17502
17388
25922
11890
25584
31968
10363
27316
4420
21541
6839
1086
22983
25746
27126
15974
29489
14417
4428
21408
32222
15235
17493
29006
22787
8041
18805
17141
845
27625
15666
25086
5066
198
27588
21988
2215
19188
30617
10714
25196
30343
27442
26869
31969
18125
2879
1349
20347
15554
8875
19687
32247
3019
27439
11708
20162
31564
1553
3495
29513
6955
29038
17594
11776
20377
2385
19066
11942
13480
10449
21494
5612
29310
19881
24516
1102
19632
30651
24882
19377
29786
3151
23074
8477
7006
29186
12559
9690
25675
19150
22023
17131
31128
7252
3695
15420
25106
23330
25356
29022
10086
29483
11829
23670
6813
31991
31893
19051
513
27797
18582
3506
19244
29866
30647
14074
12132
8908
14932
9529
24131
19533
356
32598
14317
26775
18463
8525
26881
2056
27203
32601
26638
17300
19005
6850
29180
949
3948
20699
11417
11912
4858
31351
18210
14034
20914
15083
16083
27631
17076
828
3433
14189
10933
30930
28219
13338
19801
24556
9165
11828
3978
2584
26923
17135
1608
7686
17283
30795
10894
6333
23082
17994
24753
24600
7216
13971
2796
20683
831
17356
10953
19471
8047
32676
10992
19469
17649
21713
15869
29267
17792
6668
24770
10742
32160
21477
15704
12100
18280
20264
2488
14155
31110
6896
19875
10004
25277
9315
32456
8356
4309
22940
14222
4570
8048
11433
16781
24305
26767
22594
9541
1021
1458
3430
30146
17291
1107
13341
3779
28891
24735
13126
810
24508
25321
20076
15907
10704
21530
5838
21063
2137
19522
9672
7804
1548
21735
23724
17036
17221
10969
27333
20381
8527
32735
25728
24487
5355
3003
12
17899
29959
19940
23389
30044
8413
18367
31390
17168
10996
10620
25652
13719
31723
9702
16400
32523
22669
22435
14217
11081
26003
25570
13492
27253
17575
31555
18487
25864
15779
26955
22889
8860
19782
27218
32618
23314
10989
1746
3794
18861
17335
20117
13777
31633
16801
3042
25386
32749
24415
8191
30527
32269
21052
6519
10326
18688
18780
27253
19210
12611
25969
7381
11138
15350
18379
11602
14385
18453
14342
15448
29769
13629
28844
28988
14260
22353
10217
583
18623
19074
29879
19714
6975
29295
3795
2105
7286
19261
22940
26890
14696
12140
12195
18016
7561
19192
6954
4493
6119
4247
22164
14852
7113
25272
31070
17667
4377
18708
2389
24393
29034
8978
17148
29458
31904
8612
16557
30508
12276
29268
2206
3400
18249
14025
27970
23002
13812
20527
24175
3531
10866
26526
26104
16623
15814
22563
3571
1803
14931
20253
8989
25723
9179
14882
19042
1641
2223
21571
11724
24843
28721
17616
4345
5886
21960
29248
6069
5023
20615
6792
3708
9411
17986
27378
28368
16192
12449
26856
31198
10024
866
20177
8029
25512
20726
28284
27573
26133
18137
9009
6137
11913
21865
4858
1110
23891
5345
5788
11424
3757
13791
1771
26609
18631
15155
21711
9058
17523
7143
8847
8369
4510
17655
25717
32298
9173
9789
18687
11898
28954
5302
1636
14776
7751
27872
14906
31541
30655
25469
16561
21353
22750
6948
12502
29995
9703
3040
29618
21568
25732
25925
12725
5805
30833
7964
10641
11701
29932
27936
7904
16762
2062
31295
28731
28953
16974
24624
11702
22173
13685
28581
2373
17168
28013
21882
25256
16499
88
15720
5285
5184
11287
21334
29058
11234
12940
15238
31409
7697
18174
5357
10655
17682
24427
9926
17040
21370
18736
14611
25813
31804
29585
1001
30846
21581
14860
15921
15707
26342
24570
20645
7589
32581
11726
31426
9757
4242
10687
1641
6738
16796
17861
24654
25443
17467
13111
8908
11884
3136
4023
32700
19825
28962
11754
6187
26377
12117
9229
10439
20906
4586
15560
18705
20994
23717
12416
22145
23500
812
31129
1842
9860
30643
21134
8367
29553
16753
7801
28892
17359
31358
16635
22855
1864
24959
12219
23668
26023
3990
6013
15736
15554
9169
15553
21738
5368
30193
16498
18857
20352
6566
6534
25479
32206
113
6263
22278
6160
28872
13489
4659
2602
5744
12591
23838
3444
5248
4439
16953
21108
2840
817
23898
4920
4252
4783
17846
22887
17273
32313
511
27099
30737
21538
13575
1609
16814
15842
31314
17212
16722
11065
1809
8721
20546
22254
26191
6281
384
19171
14519
15825
15905
8350
9629
16976
19331
17253
22848
14447
11713
1503
19721
11386
13399
5225
20155
5121
3969
320
23495
8027
18651
20455
6395
15439
13350
21833
21580
30738
13341
10251
3481
22923
32047
28612
31589
29379
2783
27884
12032
31079
4289
7286
15003
21189
24571
711
9938
25357
13796
11829
17962
18723
15356
26126
25592
21006
25436
2460
225
4178
10017
9341
20769
29451
12329
30097
17005
13038
29948
9935
311
30693
31587
27472
4052
31672
6559
18213
3186
13562
16948
11082
25977
15493
1784
20032
32607
30154
27670
26393
20063
30605
5759
6469
20033
23630
18000
19483
10470
29364
18309
14999
26160
8508
8074
21415
10878
4710
3809
4626
7044
21481
13523
10908
17729
2895
11845
29177
26357
8888
10201
29610
24285
12629
27479
29970
7876
10031
16604
29218
28330
32388
27190
12643
582
25911
16830
32422
31429
19373
32280
31160
25606
1594
7879
15325
22529
1821
13890
20905
21542
16795
23747
18573
31450
14754
4587
10258
160
15057
7721
22429
25125
3325
2563
7749
26083
19871
12772
12176
28155
17566
11225
32598
11209
18976
20543
13781
22329
9090
21280
5064
24265
1640
17524
28922
19349
491
5422
21802
586
2015
4933
27159
20503
24347
7908
18677
31068
15284
29709
17283
6310
99
8034
3397
30504
4494
9563
18041
22946
21819
24520
5707
23276
440
13272
18410
4008
32338
30136
17789
15061
7959
27483
21029
12913
18201
26011
18479
14243
30653
23989
18172
27856
5889
28733
29980
14293
21798
26636
6896
20980
11951
6093
17202
24577
6162
30830
9367
28863
19678
17140
18117
26337
25628
9502
7440
20190
7144
31108
8571
23004
6712
3673
17002
30828
15454
7062
14589
13040
19024
5434
14694
30156
31004
29689
6419
31053
31157
31389
8853
7300
26920
1714
14450
7094
28652
10225
26429
9000
20637
11731
9398
25981
9398
28934
26637
30234
23282
6706
26430
28716
8354
9672
10124
30739
28477
22055
30551
7548
29503
27668
17605
16127
5204
13948
21621
29581
23121
21899
25020
18090
32325
12080
16220
26303
14523
22494
31118
30582
7816
4383
17985
30743
1910
11270
4663
1828
9220
20993
6116
9267
23086
8696
17873
22487
4882
13798
13970
32704
19341
24877
6709
12494
17773
18251
20284
4674
31598
11139
20049
23848
10171
9351
14983
13987
15399
24468
5373
8460
25991
22983
15079
25447
19508
8683
1713
31644
30363
31561
16041
27926
28943
19997
29614
20188
29272
6739
23813
9419
11744
32290
16774
29639
11977
13844
31656
12639
7578
10405
8675
7113
27711
28592
11330
29371
6139
12280
4545
29147
12544
14836
123
20425
24355
9374
11508
26983
17164
9079
12668
7425
23580
2034
28503
28592
22071
27212
22736
3308
31568
3906
21574
32308
20202
16269
6349
31560
355
24184
18041
21328
26017
20785
18038
15789
19659
19678
19803
14460
308
13273
17858
29467
4176
17998
25010
3690
32361
27015
28058
16897
2832
28785
14113
12556
25757
21967
11147
29369
27976
19620
16483
27011
29855
8039
22782
14198
32581
15925
11934
10240
22635
8474
20674
12224
6779
10045
19981
2916
29441
4384
8253
19107
26790
16690
817
16470
5181
707
11301
30854
17879
28830
21941
6397
14656
26225
24971
16483
21886
32665
23506
3726
17934
28704
8267
18807
29312
30099
19204
18852
22926
8148
26945
712
16298
1393
6180
11236
23214
32052
7280
10523
366
31443
370
3949
25508
18036
6806
12438
26532
26919
15329
22047
19287
1571
4053
1923
26035
9741
25730
22366
10608
6373
2198
27178
6354
19047
2754
28680
28242
6858
25318
12311
26427
4911
17860
25674
30292
20204
11416
26834
2990
5256
12658
26872
11903
28202
22594
92
30014
1088
16925
23246
20753
26740
22060
15635
30343
25275
2051
19642
1384
4560
13046
