89 0 8.0996
89 1 8.0996
89 2 8.0996
89 3 8.0996
89 4 8.0996
89 5 8.0996
89 6 8.0625
89 7 8.0625
89 8 8.0625
89 9 8.0625
89 10 8.0625
89 11 8.0625
89 12 8.0625
89 13 8.0625
89 14 8.0625
89 15 8.0625
89 16 8.0625
89 17 8.0625
89 18 8.0625
89 19 8.0625
89 20 8.0625
89 21 8.0625
89 22 8.0625
89 23 8.0625
89 24 8.0625
89 25 8.0625
89 26 8.0625
89 27 8.0625
89 28 8.0625
89 29 8.0625
89 30 8.0625
89 31 8.0625
89 32 8.0253
89 33 8.0253
89 34 8.0625
89 35 8.0253
89 36 8.0253
89 37 8.0253
89 38 8.0253
89 39 8.0253
89 40 8.0253
89 41 8.0253
89 42 8.0253
89 43 8.0253
89 44 8.0253
89 45 8.0253
89 46 8.0253
89 47 8.0253
89 48 8.0253
89 49 8.0253
