23553
28434
15292
28688
13736
19040
30215
18138
4848
28909
26095
12392
8099
9546
20749
27348
11722
15507
967
4606
23655
7691
1316
11717
3485
23394
6586
14934
3373
10101
12708
20991
31544
15819
11694
31471
14127
17990
30029
21593
28168
3657
3399
22819
23483
9595
21670
4292
27686
4429
8299
409
12809
11787
5170
388
14760
31088
32410
29810
6383
11144
13571
9167
3528
336
20547
5638
10232
23792
23407
10853
30493
14646
24346
22972
3992
8058
15463
12647
3864
18402
30639
12334
14712
20709
8740
8556
30607
2726
28588
9597
24421
12377
22717
3137
19044
9755
5385
15752
